-0.000100
0.031167
0.062434
0.093701
0.124968
0.156235
0.187501
0.218768
0.250035
0.281302
0.312569
0.343836
0.375103
0.406370
0.437637
0.468904
0.500171
0.531437
0.562704
0.593971
0.625238
0.656505
0.687772
0.719039
0.750306
0.781573
0.812840
0.844107
0.875373
0.906640
0.937907
0.969174
1.000441
1.031708
1.062975
1.094242
1.125509
1.156776
1.188043
1.219309
1.250576
1.281843
1.313110
1.344377
1.375644
1.406911
1.438178
1.469445
1.500712
1.531979
1.563245
1.594512
1.625779
1.657046
1.688313
1.719580
1.750847
1.782114
1.813381
1.844648
1.875915
1.907181
1.938448
1.969715
2.000982
