-0.000100
0.003808
0.007717
0.011625
0.015533
0.019442
0.023350
0.027259
0.031167
0.035075
0.038984
0.042892
0.046800
0.050709
0.054617
0.058525
0.062434
0.066342
0.070251
0.074159
0.078067
0.081976
0.085884
0.089792
0.093701
0.097609
0.101517
0.105426
0.109334
0.113243
0.117151
0.121059
0.124968
0.128876
0.132784
0.136693
0.140601
0.144509
0.148418
0.152326
0.156235
0.160143
0.164051
0.167960
0.171868
0.175776
0.179685
0.183593
0.187501
0.191410
0.195318
0.199227
0.203135
0.207043
0.210952
0.214860
0.218768
0.222677
0.226585
0.230493
0.234402
0.238310
0.242219
0.246127
0.250035
0.253944
0.257852
0.261760
0.265669
0.269577
0.273485
0.277394
0.281302
0.285211
0.289119
0.293027
0.296936
0.300844
0.304752
0.308661
0.312569
0.316477
0.320386
0.324294
0.328203
0.332111
0.336019
0.339928
0.343836
0.347744
0.351653
0.355561
0.359469
0.363378
0.367286
0.371195
0.375103
0.379011
0.382920
0.386828
0.390736
0.394645
0.398553
0.402461
0.406370
0.410278
0.414187
0.418095
0.422003
0.425912
0.429820
0.433728
0.437637
0.441545
0.445453
0.449362
0.453270
0.457179
0.461087
0.464995
0.468904
0.472812
0.476720
0.480629
0.484537
0.488445
0.492354
0.496262
0.500171
0.504079
0.507987
0.511896
0.515804
0.519712
0.523621
0.527529
0.531437
0.535346
0.539254
0.543163
0.547071
0.550979
0.554888
0.558796
0.562704
0.566613
0.570521
0.574429
0.578338
0.582246
0.586155
0.590063
0.593971
0.597880
0.601788
0.605696
0.609605
0.613513
0.617421
0.621330
0.625238
0.629147
0.633055
0.636963
0.640872
0.644780
0.648688
0.652597
0.656505
0.660413
0.664322
0.668230
0.672139
0.676047
0.679955
0.683864
0.687772
0.691680
0.695589
0.699497
0.703405
0.707314
0.711222
0.715131
0.719039
0.722947
0.726856
0.730764
0.734672
0.738581
0.742489
0.746397
0.750306
0.754214
0.758123
0.762031
0.765939
0.769848
0.773756
0.777664
0.781573
0.785481
0.789389
0.793298
0.797206
0.801115
0.805023
0.808931
0.812840
0.816748
0.820656
0.824565
0.828473
0.832381
0.836290
0.840198
0.844107
0.848015
0.851923
0.855832
0.859740
0.863648
0.867557
0.871465
0.875373
0.879282
0.883190
0.887099
0.891007
0.894915
0.898824
0.902732
0.906640
0.910549
0.914457
0.918365
0.922274
0.926182
0.930091
0.933999
0.937907
0.941816
0.945724
0.949632
0.953541
0.957449
0.961357
0.965266
0.969174
0.973083
0.976991
0.980899
0.984808
0.988716
0.992624
0.996533
1.000441
1.004349
1.008258
1.012166
1.016075
1.019983
1.023891
1.027800
1.031708
1.035616
1.039525
1.043433
1.047341
1.051250
1.055158
1.059067
1.062975
1.066883
1.070792
1.074700
1.078608
1.082517
1.086425
1.090333
1.094242
1.098150
1.102059
1.105967
1.109875
1.113784
1.117692
1.121600
1.125509
1.129417
1.133325
1.137234
1.141142
1.145051
1.148959
1.152867
1.156776
1.160684
1.164592
1.168501
1.172409
1.176317
1.180226
1.184134
1.188043
1.191951
1.195859
1.199768
1.203676
1.207584
1.211493
1.215401
1.219309
1.223218
1.227126
1.231035
1.234943
1.238851
1.242760
1.246668
1.250576
1.254485
1.258393
1.262301
1.266210
1.270118
1.274027
1.277935
1.281843
1.285752
1.289660
1.293568
1.297477
1.301385
1.305293
1.309202
1.313110
1.317019
1.320927
1.324835
1.328744
1.332652
1.336560
1.340469
1.344377
1.348285
1.352194
1.356102
1.360011
1.363919
1.367827
1.371736
1.375644
1.379552
1.383461
1.387369
1.391277
1.395186
1.399094
1.403003
1.406911
1.410819
1.414728
1.418636
1.422544
1.426453
1.430361
1.434269
1.438178
1.442086
1.445995
1.449903
1.453811
1.457720
1.461628
1.465536
1.469445
1.473353
1.477261
1.481170
1.485078
1.488987
1.492895
1.496803
1.500712
1.504620
1.508528
1.512437
1.516345
1.520253
1.524162
1.528070
1.531979
1.535887
1.539795
1.543704
1.547612
1.551520
1.555429
1.559337
1.563245
1.567154
1.571062
1.574971
1.578879
1.582787
1.586696
1.590604
1.594512
1.598421
1.602329
1.606237
1.610146
1.614054
1.617963
1.621871
1.625779
1.629688
1.633596
1.637504
1.641413
1.645321
1.649229
1.653138
1.657046
1.660955
1.664863
1.668771
1.672680
1.676588
1.680496
1.684405
1.688313
1.692221
1.696130
1.700038
1.703947
1.707855
1.711763
1.715672
1.719580
1.723488
1.727397
1.731305
1.735213
1.739122
1.743030
1.746939
1.750847
1.754755
1.758664
1.762572
1.766480
1.770389
1.774297
1.778205
1.782114
1.786022
1.789931
1.793839
1.797747
1.801656
1.805564
1.809472
1.813381
1.817289
1.821197
1.825106
1.829014
1.832923
1.836831
1.840739
1.844648
1.848556
1.852464
1.856373
1.860281
1.864189
1.868098
1.872006
1.875915
1.879823
1.883731
1.887640
1.891548
1.895456
1.899365
1.903273
1.907181
1.911090
1.914998
1.918907
1.922815
1.926723
1.930632
1.934540
1.938448
1.942357
1.946265
1.950173
1.954082
1.957990
1.961899
1.965807
1.969715
1.973624
1.977532
1.981440
1.985349
1.989257
1.993165
1.997074
2.000982
