-0.000100
0.015533
0.031167
0.046800
0.062434
0.078067
0.093701
0.109334
0.124968
0.140601
0.156235
0.171868
0.187501
0.203135
0.218768
0.234402
0.250035
0.265669
0.281302
0.296936
0.312569
0.328203
0.343836
0.359469
0.375103
0.390736
0.406370
0.422003
0.437637
0.453270
0.468904
0.484537
0.500171
0.515804
0.531437
0.547071
0.562704
0.578338
0.593971
0.609605
0.625238
0.640872
0.656505
0.672139
0.687772
0.703405
0.719039
0.734672
0.750306
0.765939
0.781573
0.797206
0.812840
0.828473
0.844107
0.859740
0.875373
0.891007
0.906640
0.922274
0.937907
0.953541
0.969174
0.984808
1.000441
1.016075
1.031708
1.047341
1.062975
1.078608
1.094242
1.109875
1.125509
1.141142
1.156776
1.172409
1.188043
1.203676
1.219309
1.234943
1.250576
1.266210
1.281843
1.297477
1.313110
1.328744
1.344377
1.360011
1.375644
1.391277
1.406911
1.422544
1.438178
1.453811
1.469445
1.485078
1.500712
1.516345
1.531979
1.547612
1.563245
1.578879
1.594512
1.610146
1.625779
1.641413
1.657046
1.672680
1.688313
1.703947
1.719580
1.735213
1.750847
1.766480
1.782114
1.797747
1.813381
1.829014
1.844648
1.860281
1.875915
1.891548
1.907181
1.922815
1.938448
1.954082
1.969715
1.985349
2.000982
