-0.000100
0.007717
0.015533
0.023350
0.031167
0.038984
0.046800
0.054617
0.062434
0.070251
0.078067
0.085884
0.093701
0.101517
0.109334
0.117151
0.124968
0.132784
0.140601
0.148418
0.156235
0.164051
0.171868
0.179685
0.187501
0.195318
0.203135
0.210952
0.218768
0.226585
0.234402
0.242219
0.250035
0.257852
0.265669
0.273485
0.281302
0.289119
0.296936
0.304752
0.312569
0.320386
0.328203
0.336019
0.343836
0.351653
0.359469
0.367286
0.375103
0.382920
0.390736
0.398553
0.406370
0.414187
0.422003
0.429820
0.437637
0.445453
0.453270
0.461087
0.468904
0.476720
0.484537
0.492354
0.500171
0.507987
0.515804
0.523621
0.531437
0.539254
0.547071
0.554888
0.562704
0.570521
0.578338
0.586155
0.593971
0.601788
0.609605
0.617421
0.625238
0.633055
0.640872
0.648688
0.656505
0.664322
0.672139
0.679955
0.687772
0.695589
0.703405
0.711222
0.719039
0.726856
0.734672
0.742489
0.750306
0.758123
0.765939
0.773756
0.781573
0.789389
0.797206
0.805023
0.812840
0.820656
0.828473
0.836290
0.844107
0.851923
0.859740
0.867557
0.875373
0.883190
0.891007
0.898824
0.906640
0.914457
0.922274
0.930091
0.937907
0.945724
0.953541
0.961357
0.969174
0.976991
0.984808
0.992624
1.000441
1.008258
1.016075
1.023891
1.031708
1.039525
1.047341
1.055158
1.062975
1.070792
1.078608
1.086425
1.094242
1.102059
1.109875
1.117692
1.125509
1.133325
1.141142
1.148959
1.156776
1.164592
1.172409
1.180226
1.188043
1.195859
1.203676
1.211493
1.219309
1.227126
1.234943
1.242760
1.250576
1.258393
1.266210
1.274027
1.281843
1.289660
1.297477
1.305293
1.313110
1.320927
1.328744
1.336560
1.344377
1.352194
1.360011
1.367827
1.375644
1.383461
1.391277
1.399094
1.406911
1.414728
1.422544
1.430361
1.438178
1.445995
1.453811
1.461628
1.469445
1.477261
1.485078
1.492895
1.500712
1.508528
1.516345
1.524162
1.531979
1.539795
1.547612
1.555429
1.563245
1.571062
1.578879
1.586696
1.594512
1.602329
1.610146
1.617963
1.625779
1.633596
1.641413
1.649229
1.657046
1.664863
1.672680
1.680496
1.688313
1.696130
1.703947
1.711763
1.719580
1.727397
1.735213
1.743030
1.750847
1.758664
1.766480
1.774297
1.782114
1.789931
1.797747
1.805564
1.813381
1.821197
1.829014
1.836831
1.844648
1.852464
1.860281
1.868098
1.875915
1.883731
1.891548
1.899365
1.907181
1.914998
1.922815
1.930632
1.938448
1.946265
1.954082
1.961899
1.969715
1.977532
1.985349
1.993165
2.000982
